created: 20220521010806608
difficulty: 2.2508942029413816
due: 20220905005259662
grade: 2
history: [{"due":"20220523081137590","interval":0,"difficulty":5,"stability":2,"retrievability":1,"grade":-1,"lapses":0,"reps":1,"review":"20220521081137590"},{"due":"20220529000944734","interval":2,"difficulty":4.1000000000000005,"stability":6.091873624375545,"retrievability":0.9,"grade":2,"lapses":0,"reps":2,"review":"20220523000944734"},{"due":"20220625103357677","interval":9,"difficulty":3.1558524350459605,"stability":23.754479101787563,"retrievability":0.8558524350459593,"grade":2,"lapses":0,"reps":3,"review":"20220601103357677"}]
interval: 25
lapses: 0
modified: 20220626005259663
reps: 4
retrievability: 0.8950417678954212
review: 20220626005259662
stability: 71.1902896812924
tags: spark ?
title: `Spark明明是用Scala语言以及Java开发的，为什么可以用Python进行开发？`
type: text/css