created: 20221107142913045
difficulty: 4.010000000000001
due: 20221123054540452
grade: 2
history: [{"due":"20221111132011356","interval":0,"difficulty":5,"stability":2,"retrievability":1,"grade":-1,"lapses":0,"reps":1,"review":"20221109132011356"}]
interval: 4
lapses: 0
modified: 20221113054540452
reps: 2
retrievability: 0.81
review: 20221113054540451
stability: 10.268730125807526
tags: 7505 ?
title: Amortisation
type: text/vnd.tiddlywiki

```
average time per operation
```