created: 20220724074455874
difficulty: 0.025386988635295055
due: 20220827134512938
grade: -1
history: []
interval: 0
lapses: 0
modified: 20220826134512938
reps: 1
retrievability: 1
review: 20220826134512938
stability: 0.10000000088475645
tags: flink ?
title: B2B full form
type: text/vnd.tiddlywiki

Business to business 企业和企业之间通过专用的网络进行数据的交换, 传递, 开展交易活动的商业模式