created: 20220724070502897
difficulty: 0.025386988635295055
due: 20220827134135891
grade: -1
history: []
interval: 0
lapses: 0
modified: 20220826134135891
reps: 1
retrievability: 1
review: 20220826134135891
stability: 0.10000000088475645
tags: flink ?
title: bxg项目虚拟机启动命令
type: text/vnd.tiddlywiki

```
start-all.sh

```