created: 20220724080000674
difficulty: 0.025386988635295055
due: 20220827134526959
grade: -1
history: []
interval: 0
lapses: 0
modified: 20220826134526960
reps: 1
retrievability: 1
review: 20220826134526959
stability: 0.10000000088475645
tags: flink ?
title: CDC图
type: text/vnd.tiddlywiki

[img[BillfishkmSpST2022-07-24 15_51_29.PNG]]