created: 20220724090122043
difficulty: 0.025386988635295055
due: 20220827143001343
grade: -1
history: []
interval: 0
lapses: 0
modified: 20220826143001343
reps: 1
retrievability: 1
review: 20220826143001343
stability: 0.10000000088475645
tags: flink ?
title: DBA full form
type: text/vnd.tiddlywiki

Database Administrator