created: 20220724065458649
difficulty: 0.025386988635295055
due: 20220827134133977
grade: -1
history: []
interval: 0
lapses: 0
modified: 20220826134133977
reps: 1
retrievability: 1
review: 20220826134133977
stability: 0.10000000088475645
tags: flink ?
title: flinkCDC 同步库
type: text/vnd.tiddlywiki

CDAS create database as database
 
CDTS create table as table