created: 20220724030344639
difficulty: 0.025386988635295055
due: 20220827134017278
grade: -1
history: []
interval: 0
lapses: 0
modified: 20220826134017278
reps: 1
retrievability: 1
review: 20220826134017278
stability: 0.10000000088475645
tags: flink ?
title: flink项目架构
type: text/vnd.tiddlywiki

[img[Snipaste_2022-07-24_11-03-30.jpg]]