created: 20220520045643106
difficulty: 2.2548728843857733
due: 20220902124321255
grade: 2
history: [{"due":"20220523041027886","interval":0,"difficulty":5,"stability":2,"retrievability":1,"grade":-1,"lapses":0,"reps":1,"review":"20220521041027886"},{"due":"20220529000457788","interval":2,"difficulty":4.1000000000000005,"stability":6.091873624375545,"retrievability":0.9,"grade":2,"lapses":0,"reps":2,"review":"20220523000457787"},{"due":"20220625062110130","interval":9,"difficulty":3.1558524350459605,"stability":23.754479101787563,"retrievability":0.8558524350459593,"grade":2,"lapses":0,"reps":3,"review":"20220601062110130"}]
interval: 24
lapses: 0
modified: 20220625124321255
reps: 4
retrievability: 0.8990204493398125
review: 20220625124321254
stability: 69.24360400515107
tags: hadoop hive ?
title: Hive中的数据倾斜都是因为group by或者distinct产生的
type: text/css