created: 20220724133350925
difficulty: 0.025386988635295055
due: 20220827143631335
grade: -1
history: []
interval: 0
lapses: 0
modified: 20220826143631335
reps: 1
retrievability: 1
review: 20220826143631335
stability: 0.10000000088475645
tags: flink ?
title: java为什么能多平台
type: text/vnd.tiddlywiki

[img[Snipaste_2022-07-24_21-35-13.jpg]]