created: 20220724123742310
difficulty: 0.025386988635295055
due: 20220827143453781
grade: -1
history: []
interval: 0
lapses: 0
modified: 20220826143453781
reps: 1
retrievability: 1
review: 20220826143453781
stability: 0.10000000088475645
tags: flink ?
title: java条件语句
type: text/vnd.tiddlywiki

```
if .. else if..else
```