created: 20220724122612053
difficulty: 0.025386988635295055
due: 20220827143302935
grade: -1
history: []
interval: 0
lapses: 0
modified: 20220826143302935
reps: 1
retrievability: 1
review: 20220826143302935
stability: 0.10000000088475645
tags: flink ?
title: java访问修饰符
type: text/vnd.tiddlywiki

[img[Snipaste_2022-07-24_20-26-45.jpg]]