created: 20220720090148485
difficulty: 1
due: 20220824082335361
grade: 2
history: [{"due":"20220802060507884","interval":0,"difficulty":0.06011121757074328,"stability":0.10000002831220628,"retrievability":1,"grade":-1,"lapses":0,"reps":1,"review":"20220801060507884"}]
interval: 7
lapses: 0
modified: 20220808082335361
reps: 2
retrievability: 0.0006265800565729012
review: 20220808082335361
stability: 16.423571292705216
tags: ?
title: qps
type: text/vnd.tiddlywiki

queries per second