created: 20220519134027185
difficulty: 3.9341763126341958
due: 20220921100709395
grade: 2
history: [{"due":"20220522005702937","interval":0,"difficulty":5,"stability":2,"retrievability":1,"grade":-1,"lapses":0,"reps":1,"review":"20220520005702937"},{"due":"20220523011805705","interval":2,"difficulty":6.1000000000000005,"stability":1.4816364413634358,"retrievability":0.9,"grade":0,"lapses":1,"reps":1,"review":"20220522011805704"},{"due":"20220524003604771","interval":1,"difficulty":7.231358589403242,"stability":0.5762522178987278,"retrievability":0.9313585894032408,"grade":0,"lapses":2,"reps":1,"review":"20220523003604771"},{"due":"20220609072609769","interval":6,"difficulty":5.7652214364268355,"stability":11.298451615441309,"retrievability":0.3338628470235931,"grade":2,"lapses":2,"reps":2,"review":"20220529072609769"},{"due":"20220711114912602","interval":14,"difficulty":4.842831378659465,"stability":29.311643707046922,"retrievability":0.8776099422326297,"grade":2,"lapses":2,"reps":3,"review":"20220612114912602"}]
interval: 32
lapses: 2
modified: 20220714100709395
reps: 4
retrievability: 0.8913449339747308
review: 20220714100709395
stability: 68.68871913050862
tags: spark ?
title: Spark的诞生及发展
type: text/css