created: 20220519134251139
difficulty: 2.232984010198816
due: 20220915141226407
grade: 2
history: [{"due":"20220522010027417","interval":0,"difficulty":5,"stability":2,"retrievability":1,"grade":-1,"lapses":0,"reps":1,"review":"20220520010027417"},{"due":"20220528011844761","interval":2,"difficulty":4.1000000000000005,"stability":6.091873624375545,"retrievability":0.9,"grade":2,"lapses":0,"reps":2,"review":"20220522011844760"},{"due":"20220627074034203","interval":10,"difficulty":3.141177516867769,"stability":25.7636430941571,"retrievability":0.8411775168677682,"grade":2,"lapses":0,"reps":3,"review":"20220601074034203"}]
interval: 28
lapses: 0
modified: 20220629141226407
reps: 4
retrievability: 0.8918064933310472
review: 20220629141226407
stability: 78.32227625296495
tags: spark ?
title: spark开发语言
type: text/css