created: 20220522014426609
difficulty: 1
due: 20220905004544411
grade: 2
history: [{"due":"20220524010858818","interval":0,"difficulty":3.7478003092274337,"stability":0.5750000000000001,"retrievability":1,"grade":-1,"lapses":0,"reps":1,"review":"20220523010858818"},{"due":"20220619072631098","interval":6,"difficulty":2.2808664870889457,"stability":21.093259328526035,"retrievability":0.33306617786151194,"grade":2,"lapses":0,"reps":2,"review":"20220529072631098"},{"due":"20220621141454742","interval":22,"difficulty":3.3767994636196015,"stability":0.07412477722623134,"retrievability":0.8959329765306554,"grade":0,"lapses":1,"reps":1,"review":"20220620141454742"},{"due":"20220630133156583","interval":2,"difficulty":1.6350624624523806,"stability":8.372720557759914,"retrievability":0.05826299883277926,"grade":2,"lapses":1,"reps":2,"review":"20220622133156582"}]
interval: 13
lapses: 1
modified: 20220705004544411
reps: 3
retrievability: 0.8490907520951176
review: 20220705004544411
stability: 61.871260935602905
tags: spark ?
title: spark读取文件地址
type: text/css