created: 20221104133737497
difficulty: 4.010000000000001
due: 20221123062214562
grade: 2
history: [{"due":"20221111131907230","interval":0,"difficulty":5,"stability":2,"retrievability":1,"grade":-1,"lapses":0,"reps":1,"review":"20221109131907230"}]
interval: 4
lapses: 0
modified: 20221113062214562
reps: 2
retrievability: 0.81
review: 20221113062214561
stability: 10.268730125807526
tags: 7505 ?
title: 优先队列
type: text/vnd.tiddlywiki

[img[Snipaste_2022-11-04_21-37-33.png]]