created: 20221105092650148
difficulty: 4.010000000000001
due: 20221123062454867
grade: 2
history: [{"due":"20221111115145277","interval":0,"difficulty":5,"stability":2,"retrievability":1,"grade":-1,"lapses":0,"reps":1,"review":"20221109115145277"}]
interval: 4
lapses: 0
modified: 20221210005532894
modifier: Yangqing QU
reps: 2
retrievability: 0.81
review: 20221113062454866
stability: 10.268730125807526
tags: 7203DataMining数据挖掘 ?
title: 信息熵的问题
type: text/vnd.tiddlywiki

会倾向于选择feature更多类的feature